observation.date	ffd	outputgap	cpi	expinflation	inflationgap
01/01/1980	15.07	-0.08	14.21	2.00	12.21
01/04/1980	12.67	-2.72	14.43	2.00	12.43
01/07/1980	9.82	-3.34	12.94	2.00	10.94
01/10/1980	15.85	-2.07	12.54	2.00	10.54
01/01/1981	16.60	-0.71	11.26	2.00	9.26
01/04/1981	17.79	-2.07	9.87	2.00	7.87
01/07/1981	17.59	-1.57	10.85	2.00	8.85
01/10/1981	13.59	-3.33	9.58	2.00	7.58
01/01/1982	14.21	-5.53	7.58	2.00	5.58
01/04/1982	14.51	-5.80	6.91	2.00	4.91
01/07/1982	11.01	-6.87	5.82	2.00	3.82
01/10/1982	9.28	-7.55	4.44	2.00	2.44
01/01/1983	8.66	-7.04	3.59	2.00	1.59
01/04/1983	8.80	-5.66	3.30	2.00	1.30
01/07/1983	9.46	-4.53	2.53	2.00	0.53
01/10/1983	9.43	-3.34	3.23	2.00	1.23
01/01/1984	9.69	-2.28	4.63	2.00	2.63
01/04/1984	10.55	-1.46	4.40	2.00	2.40
01/07/1984	11.39	-1.39	4.30	2.00	2.30
01/10/1984	9.26	-1.47	4.15	2.00	2.15
01/01/1985	8.48	-1.41	3.64	2.00	1.64
01/04/1985	7.92	-1.43	3.61	2.00	1.61
01/07/1985	7.90	-0.81	3.35	2.00	1.35
01/10/1985	8.10	-0.94	3.51	2.00	1.51
01/01/1986	7.83	-0.88	3.11	2.00	1.11
01/04/1986	6.92	-1.27	1.68	2.00	-0.32
01/07/1986	6.21	-1.16	1.67	2.00	-0.33
01/10/1986	6.27	-1.45	1.35	2.00	-0.65
01/01/1987	6.22	-1.53	2.04	2.00	0.04
01/04/1987	6.65	-1.26	3.70	2.00	1.70
01/07/1987	6.84	-1.20	4.16	2.00	2.16
01/10/1987	6.92	-0.29	4.41	2.00	2.41
01/01/1988	6.67	-0.56	3.97	2.00	1.97
01/04/1988	7.15	-0.04	3.98	2.00	1.98
01/07/1988	7.98	-0.23	4.14	2.00	2.14
01/10/1988	8.47	0.32	4.31	2.00	2.31
01/01/1989	9.45	0.56	4.67	2.00	2.67
01/04/1989	9.73	0.56	5.16	2.00	3.16
01/07/1989	9.08	0.63	4.71	2.00	2.71
01/10/1989	8.61	0.07	4.63	2.00	2.63
01/01/1990	8.25	0.41	5.23	2.00	3.23
01/04/1990	8.24	0.05	4.58	2.00	2.58
01/07/1990	8.16	-0.58	5.56	2.00	3.56
01/10/1990	7.74	-2.14	6.28	2.00	4.28
01/01/1991	6.43	-3.22	5.26	2.00	3.26
01/04/1991	5.86	-3.07	4.85	2.00	2.85
01/07/1991	5.65	-3.16	3.85	2.00	1.85
01/10/1991	4.82	-3.40	2.97	2.00	0.97
01/01/1992	4.02	-2.82	2.89	2.00	0.89
01/04/1992	3.77	-2.35	3.07	2.00	1.07
01/07/1992	3.26	-1.98	3.07	2.00	1.07
01/10/1992	3.03	-1.56	3.12	2.00	1.12
01/01/1993	3.04	-2.00	3.17	2.00	1.17
01/04/1993	3.00	-2.04	3.13	2.00	1.13
01/07/1993	3.06	-2.19	2.82	2.00	0.82
01/10/1993	2.99	-1.49	2.77	2.00	0.77
01/01/1994	3.21	-1.17	2.54	2.00	0.54
01/04/1994	3.94	-0.48	2.38	2.00	0.38
01/07/1994	4.49	-0.54	2.86	2.00	0.86
01/10/1994	5.17	-0.06	2.60	2.00	0.60
01/01/1995	5.80	-0.37	2.84	2.00	0.84
01/04/1995	6.02	-0.74	3.10	2.00	1.10
01/07/1995	5.80	-0.56	2.66	2.00	0.66
01/10/1995	5.72	-0.57	2.63	2.00	0.63
01/01/1996	5.37	-0.51	2.78	2.00	0.78
01/04/1996	5.24	0.41	2.83	2.00	0.83
01/07/1996	5.31	0.52	2.90	2.00	0.90
01/10/1996	5.28	0.73	3.23	2.00	1.23
01/01/1997	5.28	0.50	2.94	2.00	0.94
01/04/1997	5.52	1.24	2.30	2.00	0.30
01/07/1997	5.53	1.54	2.23	2.00	0.23
01/10/1997	5.51	1.41	1.89	2.00	-0.11
01/01/1998	5.52	1.40	1.48	2.00	-0.52
01/04/1998	5.50	1.28	1.58	2.00	-0.42
01/07/1998	5.53	1.48	1.60	2.00	-0.40
01/10/1998	4.86	2.02	1.53	2.00	-0.47
01/01/1999	4.73	1.87	1.69	2.00	-0.31
01/04/1999	4.75	1.60	2.11	2.00	0.11
01/07/1999	5.10	1.82	2.35	2.00	0.35
01/10/1999	5.30	2.36	2.62	2.00	0.62
01/01/2000	5.68	1.61	3.26	2.00	1.26
01/04/2000	6.27	2.38	3.29	2.00	1.29
01/07/2000	6.52	1.47	3.47	2.00	1.47
01/10/2000	6.47	1.13	3.44	2.00	1.44
01/01/2001	5.60	-0.08	3.41	2.00	1.41
01/04/2001	4.33	-0.28	3.32	2.00	1.32
01/07/2001	3.50	-1.43	2.68	2.00	0.68
01/10/2001	2.13	-1.87	1.87	2.00	-0.13
01/01/2002	1.73	-1.72	1.23	2.00	-0.77
01/04/2002	1.75	-1.76	1.32	2.00	-0.68
01/07/2002	1.74	-1.98	1.58	2.00	-0.42
01/10/2002	1.44	-2.47	2.25	2.00	0.25
01/01/2003	1.25	-2.56	2.98	2.00	0.98
01/04/2003	1.25	-2.30	2.01	2.00	0.01
01/07/2003	1.02	-1.28	2.22	2.00	0.22
01/10/2003	1.00	-0.76	2.00	2.00	0.00
01/01/2004	1.00	-0.82	1.82	2.00	-0.18
01/04/2004	1.01	-0.69	2.79	2.00	0.79
01/07/2004	1.43	-0.39	2.67	2.00	0.67
01/10/2004	1.95	-0.03	3.38	2.00	1.38
01/01/2005	2.47	0.44	3.04	2.00	1.04
01/04/2005	2.94	0.31	2.92	2.00	0.92
01/07/2005	3.46	0.49	3.82	2.00	1.82
01/10/2005	3.98	0.47	3.67	2.00	1.67
01/01/2006	4.45	1.25	3.69	2.00	1.69
01/04/2006	4.91	0.96	3.92	2.00	1.92
01/07/2006	5.25	0.59	3.34	2.00	1.34
01/10/2006	5.24	0.96	1.97	2.00	-0.03
01/01/2007	5.25	0.77	2.43	2.00	0.43
01/04/2007	5.25	0.89	2.67	2.00	0.67
01/07/2007	5.07	0.96	2.35	2.00	0.35
01/10/2007	4.50	1.09	4.03	2.00	2.03
01/01/2008	3.18	0.16	4.14	2.00	2.14
01/04/2008	2.08	0.28	4.31	2.00	2.31
01/07/2008	1.94	-0.70	5.25	2.00	3.25
01/10/2008	0.51	-3.29	1.60	2.00	-0.40
01/01/2009	0.18	-4.77	-0.18	2.00	-2.18
01/04/2009	0.18	-5.29	-0.94	2.00	-2.94
01/07/2009	0.15	-5.29	-1.61	2.00	-3.61
01/10/2009	0.12	-4.60	1.49	2.00	-0.51
01/01/2010	0.13	-4.47	2.35	2.00	0.35
01/04/2010	0.19	-3.88	1.78	2.00	-0.22
01/07/2010	0.19	-3.50	1.20	2.00	-0.80
01/10/2010	0.19	-3.37	1.23	2.00	-0.77
01/01/2011	0.15	-3.98	2.15	2.00	0.15
01/04/2011	0.09	-3.73	3.35	2.00	1.35
01/07/2011	0.08	-4.15	3.72	2.00	1.72
01/10/2011	0.07	-3.49	3.34	2.00	1.34
01/01/2012	0.10	-3.10	2.83	2.00	0.83
01/04/2012	0.15	-3.10	1.89	2.00	-0.11
01/07/2012	0.14	-3.39	1.68	2.00	-0.32
01/10/2012	0.16	-3.71	1.90	2.00	-0.10
01/01/2013	0.14	-3.20	1.74	2.00	-0.26
01/04/2013	0.12	-3.38	1.41	2.00	-0.59
01/07/2013	0.09	-3.00	1.50	2.00	-0.50
01/10/2013	0.09	-2.60	1.21	2.00	-0.79
01/01/2014	0.07	-3.38	1.43	2.00	-0.57
01/04/2014	0.09	-2.58	2.08	2.00	0.08
01/07/2014	0.09	-1.86	1.79	2.00	-0.21
01/10/2014	0.10	-1.82	1.16	2.00	-0.84
01/01/2015	0.11	-1.40	-0.11	2.00	-2.11
01/04/2015	0.13	-1.26	0.04	2.00	-1.96
01/07/2015	0.13	-1.32	0.16	2.00	-1.84
01/10/2015	0.16	-1.60	0.40	2.00	-1.60
01/01/2016	0.36	-1.48	0.99	2.00	-1.01
01/04/2016	0.37	-1.61	1.11	2.00	-0.89
01/07/2016	0.39	-1.36	1.16	2.00	-0.84
01/10/2016	0.45	-1.26	1.81	2.00	-0.19
01/01/2017	0.70	-1.23	2.59	2.00	0.59
01/04/2017	0.95	-1.13	1.89	2.00	-0.11
01/07/2017	1.15	-0.82	1.94	2.00	-0.06
01/10/2017	1.20	-0.19	2.11	2.00	0.11
01/01/2018	1.45	0.12	2.25	2.00	0.25
01/04/2018	1.74	0.14	2.69	2.00	0.69
01/07/2018	1.93	0.25	2.61	2.00	0.61
01/10/2018	2.22	-0.13	2.21	2.00	0.21
01/01/2019	2.40	-0.03	1.63	2.00	-0.37
01/04/2019	2.40	0.28	1.82	2.00	-0.18
01/07/2019	2.19	0.92	1.75	2.00	-0.25
01/10/2019	1.65	1.10	2.05	2.00	0.05
01/01/2020	1.25	-0.81	2.12	2.00	0.12
01/04/2020	0.06	-9.10	0.42	2.00	-1.58
01/07/2020	0.09	-2.45	1.23	2.00	-0.77
01/10/2020	0.09	-1.87	1.23	2.00	-0.77
01/01/2021	0.08	-0.96	1.89	2.00	-0.11
01/04/2021	0.07	0.15	4.80	2.00	2.80
01/07/2021	0.09	0.54	5.26	2.00	3.26
01/10/2021	0.08	1.87	6.75	2.00	4.75
01/01/2022	0.12	1.09	8.02	2.00	6.02
01/04/2022	0.77	0.64	8.59	2.00	6.59
01/07/2022	2.18	0.79	8.29	2.00	6.29
01/10/2022	3.65	1.11	7.09	2.00	5.09
01/01/2023	4.51	1.30	5.75	2.00	3.75
01/04/2023	4.99	1.40	4.03	2.00	2.03
01/07/2023	5.26	1.98	3.56	2.00	1.56
01/10/2023	5.33	2.27	3.24	2.00	1.24
01/01/2024	5.33	2.16	3.25	2.00	1.25
01/04/2024	5.33	2.39	3.19	2.00	1.19
